From target (1155mm upstream of S0) to 252.1 mm downstream of D1.

x	a	y	b	   L

 -0.3860653    -0.7171161      0.000000      0.000000     0.3069881     100000
  0.3020571     -2.029164      0.000000      0.000000      1.229545     010000
   0.000000      0.000000     -3.838873     -1.133071      0.000000     001000
   0.000000      0.000000    -0.9557328    -0.5425847      0.000000     000100
   0.000000      0.000000      0.000000      0.000000      1.000000     000010
 -0.5674127    -0.2587972      0.000000      0.000000      1.687310     000001

2nd order

  -12.37480     -1.313666      0.000000      0.000000     -3.282403     200000
  -75.69397     -8.461706      0.000000      0.000000     -19.81407     110000
  -116.1523     -13.51837      0.000000      0.000000     -30.91472     020000
   0.000000      0.000000      13.08177      3.406991      0.000000     101000
   0.000000      0.000000      35.77021      9.186467      0.000000     011000
   1.279556     0.1186313      0.000000      0.000000    -0.9082193     002000
   0.000000      0.000000      52.63741      14.53556      0.000000     100100
   0.000000      0.000000      149.5601      41.37510      0.000000     010100
   5.263761    -0.1737277      0.000000      0.000000    -0.1517058     001100

   2.438880     0.2551363      0.000000      0.000000    -0.5251553E-01 100001
   8.100786      2.028798      0.000000      0.000000    -0.6675170     010001
   0.000000      0.000000      3.949952     0.5552344      0.000000     001001
   10.24653     0.3594439E-01  0.000000      0.000000      1.260591     000200
   0.000000      0.000000      8.983404      2.231465      0.000000     000101

  0.3927182     0.3150458E-01  0.000000      0.000000     -1.388244     000002

3rd order

   144.1968      18.77961     0.5237008E-11 0.1353128E-11  24.41648     300000
   1326.537      173.5901     0.5066892E-10 0.1313926E-10  225.1670     210000
   4073.270      534.1469     0.1632829E-09 0.4248206E-10  693.8006     120000
   4173.729      546.7909     0.1752825E-09 0.4574284E-10  714.6225     030000

  0.3360769E-11 0.4984689E-12 -121.3224     -31.81902     0.5869201E-12 201000
  0.2113835E-10 0.3156426E-11 -678.5772     -175.7929     0.3679549E-11 111000
  0.3326261E-10 0.4999098E-11 -967.3620     -248.0481     0.5771719E-11 021000
  -23.94647     -3.700989    -0.6382693E-12-0.1004016E-12 0.9504601     102000
  -72.76142     -10.78221    -0.2074887E-11-0.3373731E-12  2.442925     012000
 -0.1696973E-12-0.2387748E-13  7.041744      5.054322    -0.3036882E-13 003000
  0.7161450E-11 0.1284085E-11 -627.3093     -173.1116     0.1124758E-11 200100
  0.4603505E-10 0.8218216E-11 -3687.462     -1018.499     0.7250624E-11 110100
  0.7394600E-10 0.1315748E-10 -5472.768     -1512.726     0.1167130E-10 020100
  -143.7400     -8.544729     0.8564932E-14 0.1329122E-12 -4.352987     101100
  -421.1660     -32.24846    -0.1945080E-12 0.3609441E-12 -13.19333     011100
 -0.3844815E-12-0.6784037E-13  127.5200      37.98650    -0.6100927E-13 002100

   9.077397    -0.3460173      0.000000      0.000000      4.147680     200001
   94.67025      2.606426      0.000000      0.000000      34.93084     110001
   204.3910      11.09139      0.000000      0.000000      68.86251     020001
   0.000000      0.000000     -2.250960     0.3712736      0.000000     101001
   0.000000      0.000000     -18.93223     -1.119100      0.000000     011001
  0.8364735     -1.415303      0.000000      0.000000      2.449331     002001
  -290.6730     -19.41340     0.1518900E-11 0.4641821E-12 -49.96967     100200
  -873.0898     -68.59175     0.4659194E-11 0.1433584E-11 -149.2290     010200
 -0.1033738E-12-0.3703476E-13  368.9242      99.71493    -0.5738863E-14 001200
   0.000000      0.000000     -51.26994     -7.747725      0.000000     100101
   0.000000      0.000000     -218.8943     -41.97511      0.000000     010101
   2.642794     0.7507463      0.000000      0.000000      6.487740     001101

  -2.665078    -0.1475240      0.000000      0.000000     0.1128635     100002
  -12.38477     -1.418634      0.000000      0.000000     0.7451535     010002
   0.000000      0.000000     -4.157363    -0.8578950      0.000000     001002
  0.1883009E-12 0.1945161E-13  376.0054      102.2166     0.3769467E-13 000300
 -0.2817120      2.377927      0.000000      0.000000      2.666954     000201
   0.000000      0.000000     -13.03858     -2.477693      0.000000     000102

 -0.3330673    -0.3833033E-01  0.000000      0.000000      1.189690     000003